3 [13, 11, 10, 12, 14, 8, 7, 5, 3, 1, 0, 2, 4, 6, 9]
11 [13, 11, 10, 12, 14, 8, 7, 5, 3, 1, 2, 4, 6, 9, 0]
17 [13, 11, 10, 12, 14, 8, 7, 5, 3, 4, 6, 9, 1, 2, 0]
21 [13, 11, 10, 12, 14, 8, 7, 9, 5, 3, 4, 6, 1, 2, 0]
23 [13, 11, 10, 12, 14, 8, 7, 9, 5, 6, 3, 4, 1, 2, 0]
29 [13, 11, 10, 12, 14, 8, 7, 5, 9, 6, 3, 4, 1, 2, 0]
30 [13, 11, 10, 12, 8, 14, 7, 5, 9, 6, 3, 4, 1, 2, 0]
32 [10, 13, 11, 12, 8, 14, 7, 5, 9, 6, 3, 4, 1, 2, 0]
33 [13, 10, 11, 12, 8, 14, 7, 5, 9, 6, 3, 4, 1, 2, 0]
36 [13, 10, 11, 12, 14, 8, 7, 5, 9, 6, 3, 4, 1, 2, 0]
50 [14, 13, 10, 11, 12, 8, 7, 5, 9, 6, 3, 4, 1, 2, 0]
51 [13, 10, 11, 12, 8, 7, 5, 9, 6, 3, 4, 14, 1, 2, 0]
53 [10, 13, 11, 12, 8, 7, 5, 9, 6, 3, 4, 14, 1, 2, 0]
56 [10, 13, 11, 12, 8, 7, 5, 9, 6, 3, 4, 1, 2, 14, 0]
60 [10, 13, 11, 12, 8, 7, 5, 3, 9, 6, 4, 1, 2, 14, 0]
62 [10, 13, 11, 12, 8, 7, 5, 9, 6, 14, 3, 4, 1, 2, 0]
72 [10, 13, 11, 12, 8, 7, 5, 9, 6, 3, 4, 1, 2, 0, 14]
